name: glassgo
channels:
  - conda-forge
  - bioconda
  - defaults
dependencies:
  - _libgcc_mutex=0.1=main
  - _openmp_mutex=5.1=1_gnu
  - biopython=1.78=py39h7f8727e_0
  - blas=1.0=mkl
  - blast=2.11.0=pl526he19e7b1_0
  - boost=1.73.0=py39h06a4308_12
  - bzip2=1.0.8=h7b6447c_0
  - c-ares=1.18.1=h7f8727e_0
  - ca-certificates=2022.10.11=h06a4308_0
  - certifi=2022.9.24=py39h06a4308_0
  - clustalo=1.2.3=0
  - curl=7.82.0=h7f8727e_0
  - entrez-direct=16.2=he881be0_1
  - icu=58.2=he6710b0_3
  - intel-openmp=2021.4.0=h06a4308_3561
  - krb5=1.19.2=hac12032_0
  - ld_impl_linux-64=2.38=h1181459_1
  - libboost=1.73.0=h28710b8_12
  - libcurl=7.82.0=h0b77cf5_0
  - libedit=3.1.20210910=h7f8727e_0
  - libev=4.33=h7f8727e_1
  - libffi=3.3=he6710b0_2
  - libgcc=7.2.0=h69d50b8_2
  - libgcc-ng=9.1.0=hdf63c60_0
  - libgfortran-ng=12.2.0=h69a702a_19
  - libgfortran5=12.2.0=h337968e_19
  - libgomp=11.2.0=h1234567_1
  - libidn2=2.3.2=h7f8727e_0
  - libnghttp2=1.46.0=hce63b2e_0
  - libssh2=1.10.0=h8f2d780_0
  - libstdcxx-ng=9.1.0=hdf63c60_0
  - libunistring=0.9.10=h27cfd23_0
  - lz4-c=1.9.3=h295c915_1
  - mkl=2021.4.0=h06a4308_640
  - mkl-service=2.4.0=py39h7f8727e_0
  - mkl_fft=1.3.1=py39hd3c417c_0
  - mkl_random=1.2.2=py39h51133e4_0
  - ncurses=6.3=h7f8727e_2
  - numpy=1.22.3=py39he7a7128_0
  - numpy-base=1.22.3=py39hf524024_0
  - openssl=1.1.1s=h7f8727e_0
  - pcre=8.45=h295c915_0
  - perl=5.26.2=h14c3975_0
  - perl-archive-tar=2.32=pl526_0
  - perl-bioperl=1.6.924=4
  - perl-carp=1.38=pl526_3
  - perl-common-sense=3.74=pl526_2
  - perl-compress-raw-bzip2=2.087=pl526he1b5a44_0
  - perl-compress-raw-zlib=2.087=pl526hc9558a2_0
  - perl-exporter=5.72=pl526_1
  - perl-exporter-tiny=1.002001=pl526_0
  - perl-extutils-makemaker=7.36=pl526_1
  - perl-io-compress=2.087=pl526he1b5a44_0
  - perl-io-zlib=1.10=pl526_2
  - perl-json=4.02=pl526_0
  - perl-json-xs=2.34=pl526h6bb024c_3
  - perl-list-moreutils=0.428=pl526_1
  - perl-list-moreutils-xs=0.428=pl526_0
  - perl-pathtools=3.75=pl526h14c3975_1
  - perl-scalar-list-utils=1.52=pl526h516909a_0
  - perl-threaded=5.32.1=hdfd78af_1
  - perl-types-serialiser=1.0=pl526_2
  - perl-xsloader=0.24=pl526_0
  - perl-yaml=1.29=pl526_0
  - pip=22.2.2=py39h06a4308_0
  - py-boost=1.73.0=py39h51133e4_12
  - python=3.9.12=h12debd9_1
  - python_abi=3.9=2_cp39
  - readline=8.1.2=h7f8727e_1
  - setuptools=65.5.0=py39h06a4308_0
  - six=1.16.0=pyhd3eb1b0_1
  - sqlite=3.38.5=hc218d9a_0
  - tk=8.6.12=h1ccaba5_0
  - tqdm=4.64.1=py39h06a4308_0
  - tzdata=2022f=h04d1e81_0
  - viennarna=2.4.7=py27_2
  - wget=1.21.3=h0b77cf5_0
  - wheel=0.37.1=pyhd3eb1b0_0
  - xz=5.2.5=h7f8727e_1
  - zlib=1.2.12=h7f8727e_2
  - zstd=1.5.2=ha4553b6_0
prefix: /home/mgarcia/.conda/envs/glassgo

